
Cluster 0
--------------
10701

Cluster 1
--------------
98170

Cluster 2
--------------
54203
91796

Cluster 3
--------------
24634
29773

Cluster 4
--------------
42202
73462

Cluster 5
--------------
27031
34958
35014
39117
69893
70919
81563
27312
93192

Cluster 6
--------------
39299
28672
83741

Cluster 7
--------------
81859
94719
46975
17622
19267
83227

Cluster 8
--------------
38031
20856
64258
71389
42296
40084
82886
18773
34088
26246
37237
37224
85492
93456
25551
68578
82238
8304
98797
32054
73183
91194
97612
20326
25878
26095
276
52954
63064
91426
94372
34563
3733
8208
85232
70005
7674
13052
34047
63703
65815
29209
3458
41719
42633
50362
57602
82212
96099
15813
17526
23812
24307
64392
81816
49624
50018
61242
63634
84035
93168
36257
43878
52235
57481
29047
33838
45127
4629
46495
47023
58445
6040
78796
10814
28919
37438
42074
83394
22711
55996
14181
1806
38472
56394
57644
7780
82993
91911
23319
23760
46042
53272
72058
73624
94652
97218
81697
9776
25196
32088
56029
57370
38181
38846
42269
62186
88042
39939
41729
