
Cluster 0
--------------
98797
25878
276
32054
73183
82238
8304

Cluster 1
--------------
98170
10701

Cluster 2
--------------
62186
37438
38181
38846
39939
41729
42074
42269
57370
81697
88042

Cluster 3
--------------
97612
20326
26095
34047
34563
52954
63064
65815
7674
8208

Cluster 4
--------------
97218
23319
23760
36257
46042
53272
57481
72058
73624
84035
93168

Cluster 5
--------------
15813
17526
23812
24307
29209
3458
3733
41719
42633
49624
50362
57602
63634
81816
82212
96099

Cluster 6
--------------
19267
17622
20856
38031
46975
64258
71389
81859
83227
94719

Cluster 7
--------------
94652

Cluster 8
--------------
94372
13052
63703
70005
85232

Cluster 9
--------------
28919
10814
18773
22711
25551
26246
34088
37224
37237
40084
42296
55996
68578
78796
82886
83394
85492
93456

Cluster 10
--------------
34958
27031
27312
28672
35014
39117
39299
42202
69893
70919
73462
81563
83741
93192

Cluster 11
--------------
4629
29047
33838
43878
45127
46495
47023
50018
52235
58445
6040
61242
64392

Cluster 12
--------------
7780
14181
1806
25196
32088
38472
56029
56394
57644
82993
91911
9776

Cluster 13
--------------
91796
24634
29773
54203

Cluster 14
--------------
91426

Cluster 15
--------------
91194
